92

-0.3625
0.462963
-0.3625
0.462963
-0.3625
0.462963
-0.3825
0.448148
-0.3825
0.448148
-0.3825
0.481481
-0.3825
0.481481
-0.3625
0.462963
-0.6125
0.403704
-0.6125
0.403704
-0.6125
0.403704
-0.6025
0.374074
-0.6025
0.374074
-0.5875
0.351852
-0.5875
0.351852
-0.57
0.32963
-0.57
0.32963
-0.5525
0.314815
-0.5525
0.314815
-0.5325
0.303704
-0.5325
0.303704
-0.51
0.3
-0.51
0.3
-0.4875
0.3
-0.4875
0.3
-0.4675
0.303704
-0.4675
0.303704
-0.4475
0.318519
-0.4475
0.318519
-0.4275
0.333333
-0.4275
0.333333
-0.4125
0.355556
-0.4125
0.355556
-0.3975
0.381481
-0.3975
0.381481
-0.3875
0.407407
-0.3875
0.407407
-0.38
0.437037
-0.6125
0.388889
-0.6125
0.388889
-0.6125
0.388889
-0.6325
0.374074
-0.6325
0.374074
-0.6325
0.407407
-0.6325
0.407407
-0.6125
0.388889
